4
89
2
1
2
6
8
3
4
2
7
7
9
6
6
9
92
8
6
10
10
8
8
6
9
6
49
3
4
4
1
9
2
31
5
5
1
2
43
5
9
28
2
4
8
8
6
2
6
6
7
6
4
7
2
5
91
1
8
4
3
9
2
5
6
9
1
4
1
5
7
84
1
7
36
6
59
6
4
94
6
4
9
9
1
16
4
8
6
2
9
8
5
2
5
7
33
6
6
5
7
54
9
69
6
2
59
47
3
9
5
3
9
3
1
10
100
2
92
4
4
89
5
7
55
2
6
3
8
8
2
91
3
4
9
3
65
3
7
9
6
7
5
1
6
8
7
94
8
5
8
99
6
8
2
2
72
92
5
87
57
20
7
6
10
9
2
80
2
3
93
2
3
7
44
78
48
1
54
4
38
14
24
6
6
3
7
3
8
4
6
10
61
33
9
43
2
4
9
5
9
8
76
1
3
2
6
3
1
8
49
4
10
7
10
8
35
10
10
4
10
10
9
7
10
1
85
1
10
27
1
81
3
4
77
2
8
8
90
10
5
95
6
4
9
35
3
10
89
3
3
3
100
4
1
9
10
82
9
9
1
10
14
7
6
5
71
1
6
10
87
5
4
7
2
9
26
5
4
12
5
1
8
2
9
10
9
4
7
4
2
7
1
4
85
72
10
8
4
5
5
3
7
2
6
4
31
13
6
6
6
5
4
27
4
6
57
10
9
6
45
5
9
3
40
10
6
5
31
1
2
10
4
2
1
10
3
4
5
10
2
5
2
9
5
52
4
5
40
7
57
21
58
10
2
29
7
1
2
26
8
5
5
8
5
4
5
5
35
6
3
6
8
4
10
35
99
3
9
10
5
6
25
6
3
9
3
9
7
2
10
3
87
6
2
9
6
10
46
73
18
54
6
2
2
8
2
10
9
10
4
1
4
2
2
4
2
7
7
4
64
4
4
9
10
10
8
5
3
8
2
33
4
4
7
96
5
75
1
63
76
5
5
8
9
2
1
12
7
29
5
10
1
8
9
1
9
27
4
8
4
3
95
10
10
6
4
3
1
5
10
17
99
4
7
2
53
7
4
7
3
3
36
2
10
1
34
5
9
42
6
7
82
5
7
45
1
7
65
4
65
2
7
5
14
3
4
1
74
17
2
9
10
5
5
9
1
10
1
92
1
89
32
15
2
2
3
32
10
48
8
19
9
7
5
4
5
4
4
10
4
18
8
6
2
9
53
9
7
2
2
6
10
5
10
6
1
1
4
6
53
8
100
7
5
3
3
8
57
4
8
8
6
1
1
10
7
3
9
2
2
4
3
6
44
5
36
62
4
8
1
3
9
4
97
8
2
13
5
2
4
44
3
7
4
10
2
9
65
2
6
1
5
1
1
7
7
17
1
7
8
2
9
1
1
96
89
6
10
6
3
2
10
10
48
3
8
48
7
10
9
3
2
3
42
9
3
89
5
1
9
7
4
9
6
5
8
5
8
3
9
10
9
13
7
2
6
6
78
8
7
9
4
7
5
2
100
3
10
7
26
1
10
4
7
5
9
2
6
3
7
2
6
2
5
6
5
8
3
3
96
7
7
6
7
2
1
4
32
10
2
9
3
9
10
10
5
1
1
3
7
1
7
5
4
10
10
5
40
2
1
7
2
6
40
11
13
1
6
10
78
1
7
3
22
2
1
8
3
5
36
19
10
8
2
4
9
2
7
4
6
10
3
5
4
7
1
8
9
6
2
9
22
9
10
10
4
10
6
9
3
2
2
6
1
2
4
9
7
2
4
85
2
7
2
3
4
3
8
73
84
39
18
35
9
8
8
4
78
7
8
8
9
11
7
10
9
100
9
5
6
34
10
4
6
3
2
6
4
4
4
10
1
2
9
1
10
7
9
77
6
4
6
3
9
7
2
7
4
10
30
9
4
4
7
10
9
4
10
82
1
3
3
8
8
49
9
2
8
13
1
10
3
7
2
7
8
7
1
3
64
6
9
8
2
1
6
2
5
9
8
5
1
4
37
14
8
2
67
4
7
5
38
7
48
10
7
4
4
81
9
9
2
68
10
100
10
62
3
10
9
4
6
8
3
2
2
5
7
80
3
7
52
2
10
3
17
4
31
2
9
4
9
63
1
24
8
5
2
3
3
7
1
5
7
3
8
9
6
8
3
8
5
7
53
62
41
2
3
4
10
5
6
6
6
10
72
3
6
10
5
6
92
70
49
8
7
2
3
4
8
2
7
1
6
8
8
76
9
5
82
7
10
9
1
7
9
3
62
4
1
8
1
3
4
10
33
2
85
3
5
4
75
8
20
6
5
7
9
5
7
7
10
8
7
10
4
8
4
7
8
3
9
10
4
96
4
9
84
3
4
7
7
4
6
69
10
7
49
2
10
5
2
5
88
8
2
4
64
5
5
10
2
1
3
38
1
1
5
5
7
1
4
10
7
1
1
4
7
49
8
7
2
1
21
3
3
2
9
3
9
6
8
6
2
3
9
45
6
56
6
2
7
4
24
1
34
7
6
2
51
10
5
1
15
9
5
7
85
1
9
9
54
65
9
7
10
6
97
2
10
5
69
64
5
2
4
46
3
4
10
81
4
12
9
9
21
7
2
9
1
5
11
5
5
8
8
34
10
4
7
91
9
9
6
5
9
9
4
32
6
3
4
10
9
5
7
8
3
8
64
7
41
2
28
7
9
9
6
7
9
10
9
5
29
8
10
3
3
50
1
6
2
10
6
7
95
9
9
3
63
4
9
10
4
5
36
1
19
4
2
10
2
58
2
90
4
44
3
21
29
4
2
3
3
9
7
13
5
2
8
6
6
2
2
3
5
1
10
7
3
7
9
4
7
10
7
9
7
28
7
4
10
7
4
10
2
10
1
3
1
9
1
53
2
4
7
3
9
6
8
5
7
7
65
5
4
9
9
82
8
9
1
5
4
84
10
75
54
1
8
2
1
2
10
79
2
4
8
1
6
8
91
6
9
2
8
9
6
16
8
8
2
5
1
8
7
1
4
1
18
1
5
10
11
33
7
6
72
16
39
6
27
2
38
48
89
6
9
5
9
23
34
10
7
4
3
67
10
4
5
7
1
1
62
8
1
9
9
3
10
6
25
9
4
6
9
5
5
24
10
2
7
1
2
8
16
6
2
4
7
86
7
6
38
7
7
1
2
8
8
17
10
8
43
6
8
9
6
6
7
66
81
9
1
52
7
3
7
5
6
1
8
3
8
5
7
2
4
5
8
7
6
1
7
4
5
6
4
9
96
10
5
1
66
2
9
1
4
18
8
7
8
7
7
5
6
1
10
10
5
54
7
8
7
6
18
2
3
5
2
3
9
2
54
8
7
10
3
8
9
4
8
2
2
93
6
4
9
5
9
5
6
6
20
8
6
5
8
10
10
1
5
7
8
2
5
2
89
8
6
10
7
1
10
81
7
8
28
8
6
9
6
55
3
35
2
38
6
7
56
8
5
10
1
7
3
1
37
66
7
8
7
9
5
4
5
39
6
2
51
4
4
4
4
3
3
15
34
2
93
10
5
3
6
4
12
35
6
8
6
1
66
1
5
8
7
3
3
3
5
3
1
70
62
1
7
10
1
2
5
2
76
68
4
4
9
10
10
5
39
2
4
1
4
6
1
61
91
93
1
8
7
10
9
8
7
1
5
6
96
5
5
10
3
9
9
1
82
9
9
7
2
67
5
38
89
2
3
61
77
10
2
4
1
3
4
4
2
39
7
87
10
3
10
10
6
2
2
6
4
9
1
2
8
66
5
7
22
2
3
4
87
2
55
1
4
3
7
2
2
5
7
7
71
4
5
96
22
7
9
4
95
16
67
4
9
48
3
5
1
63
2
4
2
52
8
3
8
8
2
32
1
67
10
10
8
77
41
5
22
4
9
6
6
6
30
7
4
6
2
4
16
9
6
9
2
4
2
5
6
99
5
2
3
8
7
5
8
6
7
6
10
5
7
2
10
14
4
1
1
55
3
7
1
3
8
6
32
9
8
7
3
8
2
97
4
10
7
3
20
6
6
10
100
8
8
9
2
3
10
6
4
4
3
6
6
5
9
5
3
3
6
14
10
3
2
6
10
4
4
8
7
3
5
10
3
6
10
31
5
10
10
7
9
8
4
63
29
7
2
10
6
7
4
63
7
10
6
5
6
8
8
58
10
8
6
32
4
1
4
2
4
5
4
2
7
10
9
54
9
7
10
4
4
2
7
8
64
7
2
42
4
6
3
9
7
10
6
41
4
31
4
4
10
2
9
9
1
8
45
2
87
9
33
71
3
10
10
3
3
7
5
5
6
2
4
32
3
4
8
8
3
5
5
3
10
20
8
9
4
4
3
10
7
6
7
10
3
6
1
1
8
1
10
5
80
23
45
43
2
4
7
5
5
3
7
4
10
8
5
7
6
61
6
51
5
23
3
76
3
6
71
9
8
5
6
5
52
26
2
9
10
2
3
8
4
7
9
8
9
4
1
99
7
7
5
61
1
9
