121
111
116
106
122
113
119
118
106
106
112
106
103
116
117
119
115
113
113
119
117
121
107
106
121
116
122
117
120
105
117
105
122
121
119
109
116
112
121
122
118
107
103
104
105
115
114
120
123
122
120
122
115
120
107
111
112
105
118
123
112
112
115
109
107
105
106
115
109
124
121
123
108
113
125
120
113
114
115
109
116
126
119
108
108
112
121
110
122
109
122
119
120
127
123
126
123
124
110
126
128
123
123
118
127
126
117
112
125
110
124
113
109
119
118
112
109
127
113
119
113
114
125
113
117
129
119
113
130
116
112
111
124
113
113
128
114
127
127
114
127
122
126
131
131
130
132
118
121
114
132
119
127
113
122
130
127
122
131
129
130
114
117
115
119
119
115
131
117
122
119
118
133
128
124
131
128
124
119
114
134
134
115
127
130
129
135
136
129
117
132
118
137
130
119
134
137
124
122
128
119
123
135
126
135
120
118
118
130
124
138
126
124
125
139
122
135
128
129
132
130
140
141
138
124
131
140
133
127
137
134
133
142
131
133
140
125
124
124
138
131
139
124
134
124
125
142
130
143
136
144
138
130
136
140
143
134
128
142
145
131
138
139
144
132
146
134
139
131
142
131
131
146
141
134
129
147
136
146
136
138
129
131
146
142
147
133
129
134
135
138
131
144
132
140
142
142
142
138
140
145
143
145
146
136
140
142
140
136
129
136
131
148
138
144
148
143
135
149
135
149
145
138
141
150
137
144
149
144
151
147
149
136
139
149
144
140
138
145
138
143
132
139
135
144
152
149
137
153
152
141
138
135
135
142
147
144
154
136
145
147
148
135
151
139
155
148
146
137
138
145
150
148
136
146
153
154
147
151
153
150
155
154
141
154
149
137
154
145
144
151
147
150
147
143
139
148
138
151
147
153
148
152
156
151
145
157
147
154
157
139
156
145
152
147
158
151
148
150
149
147
146
155
142
158
145
145
143
157
155
154
151
159
148
150
157
142
154
149
146
140
159
160
153
145
161
158
153
145
144
142
146
161
145
152
159
150
162
143
149
154
152
156
153
159
154
161
143
160
152
158
146
162
144
157
145
152
160
144
156
160
151
150
155
163
149
150
162
145
161
155
164
163
160
155
163
156
161
149
147
148
156
158
164
164
161
159
148
158
155
150
147
147
164
161
155
146
147
147
165
159
151
149
146
153
146
147
161
160
164
160
157
157
146
165
156
151
157
166
167
167
165
155
156
158
155
148
168
154
159
161
166
154
168
165
154
160
169
152
150
169
158
156
166
153
168
159
170
151
170
168
157
156
164
167
171
170
158
169
171
155
157
163
155
169
169
155
166
170
168
163
172
162
166
173
165
162
160
159
167
156
168
159
161
161
165
160
166
154
163
170
173
171
157
167
159
157
160
171
162
159
173
156
173
167
160
166
169
174
160
166
170
160
169
175
157
176
168
169
158
171
167
171
163
177
173
178
159
167
169
179
174
176
180
165
171
173
170
179
163
180
174
171
162
181
172
182
179
172
179
183
173
175
169
168
181
167
166
171
184
167
185
186
173
176
178
170
186
178
171
186
184
173
184
173
179
183
169
168
187
178
181
176
171
176
178
178
187
177
185
186
180
188
176
173
184
182
187
179
173
172
177
174
173
183
174
188
183
187
169
182
174
173
189
188
172
176
178
187
173
174
182
174
171
177
190
187
182
174
185
188
179
181
180
178
171
176
175
191
186
174
188
187
184
186
191
175
174
174
183
172
179
173
173
174
186
177
181
182
178
177
188
192
189
183
188
178
174
191
193
188
194
188
195
189
194
179
192
196
184
181
179
191
193
177
195
192
180
179
181
180
194
179
182
188
190
180
193
184
189
190
187
181
179
178
189
183
197
178
184
185
193
198
189
183
186
199
200
198
195
181
196
195
186
188
195
186
190
190
196
196
184
201
194
194
190
193
184
196
183
182
195
187
199
185
200
189
191
193
186
198
192
191
195
202
185
194
186
195
188
188
198
189
185
188
200
186
189
186
193
197
191
193
184
200
183
192
190
199
187
194
195
190
193
201
197
190
196
190
192
197
191
193
194
203
184
188
197
204
203
188
191
202
186
192
190
198
187
205
191
203
186
192
200
200
192
196
197
206
192
197
194
198
192
205
199
202
192
187
199
205
199
200
207
198
208
196
199
208
203
209
205
198
192
207
206
190
210
192
192
194
201
198
197
195
195
207
196
204
210
191
191
191
198
197
200
191
208
194
192
194
202
202
204
208
202
195
195
204
197
203
211
197
211
210
204
201
199
209
203
212
200
208
203
211
202
207
198
197
212
213
200
194
210
214
207
207
201
198
197
215
210
204
199
200
212
216
204
217
207
198
212
218
215
205
206
209
212
209
211
206
206
207
215
204
207
215
219
220
207
208
205
212
213
205
201
206
216
201
205
218
213
212
215
206
203
211
215
211
207
203
221
210
203
217
216
202
211
211
222
205
205
212
221
208
213
203
210
221
208
218
210
217
220
223
210
212
210
219
207
218
209
210
224
207
207
215
212
215
218
218
218
225
222
219
220
222
208
211
223
217
226
217
216
220
214
212
220
215
211
226
226
210
220
216
222
224
209
223
218
211
209
212
220
212
222
223
227
214
214
211
212
221
227
212
226
227
210
217
211
225
214
219
211
223
209
216
226
225
221
209
228
226
209
228
226
215
209
220
224
213
209
216
225
209
209
228
209
220
216
211
216
229
213
224
214
217
221
214
213
227
224
227
230
218
224
215
213
212
212
213
214
229
231
218
215
220
212
214
229
216
216
230
227
214
216
225
229
225
218
229
230
223
215
212
212
221
232
215
231
215
233
234
235
223
219
236
235
229
226
225
231
231
237
238
227
229
231
231
229
236
238
225
219
222
222
231
237
232
219
239
239
228
237
226
222
225
220
238
228
223
233
226
229
239
229
236
229
240
221
234
241
242
238
240
223
234
240
240
224
223
243
244
227
239
232
243
225
245
234
244
241
235
229
234
233
239
229
239
234
238
232
229
245
227
242
242
229
227
226
233
236
229
244
246
247
228
246
247
235
244
240
248
237
233
230
238
246
243
237
234
235
231
244
245
232
240
235
233
229
230
235
234
237
230
246
233
238
234
237
235
249
232
250
245
239
233
241
240
238
244
245
235
246
237
244
238
233
249
236
234
245
234
251
236
248
242
252
245
252
235
247
236
253
240
252
251
242
253
244
235
246
250
251
249
251
239
237
249
245
236
239
248
248
253
237
250
254
235
236
246
242
241
239
250
245
241
249
243
240
242
252
254
243
235
239
254
243
239
239
243
240
249
236
235
241
252
240
248
243
238
254
249
251
239
250
244
244
241
251
243
255
256
238
249
254
238
243
239
246
240
251
245
253
241
242
250
247
257
244
238
244
249
254
258
258
255
259
259
251
260
246
259
255
249
253
245
260
248
257
251
249
253
245
253
257
250
251
261
242
246
251
255
243
251
254
252
254
250
256
243
254
255
257
252
242
262
258
247
255
257
243
260
244
249
247
249
246
255
244
246
252
260
256
263
254
264
251
253
255
254
259
259
253
263
261
247
265
254
264
254
264
251
262
249
260
264
261
249
253
265
249
251
265
257
264
266
254
264
263
262
267
256
268
258
260
250
269
253
254
255
253
254
270
268
264
255
262
270
269
264
271
267
260
253
254
272
266
268
271
262
253
261
267
267
265
253
265
256
266
261
267
262
265
272
267
260
259
266
268
269
272
273
260
274
268
255
268
264
265
259
255
265
275
260
267
267
270
260
266
273
261
272
270
264
269
266
261
271
275
263
257
270
257
272
273
263
276
277
259
277
259
263
272
276
265
277
274
267
278
266
261
267
267
262
264
270
263
278
267
274
273
269
263
266
268
270
263
267
262
269
269
270
279
278
275
275
262
280
269
277
269
266
278
271
274
263
278
280
281
279
279
278
265
273
267
282
278
277
279
279
278
280
273
278
278
268
266
282
263
273
275
276
272
270
276
273
278
265
282
279
282
266
278
281
265
282
277
274
273
270
266
272
274
276
283
284
279
274
267
284
271
270
273
273
285
275
286
271
285
279
281
280
268
271
269
287
284
284
278
288
286
280
275
284
285
282
288
281
271
289
275
290
274
286
280
277
290
281
285
290
274
277
291
285
285
282
283
286
283
287
275
292
293
280
288
275
284
289
290
285
291
294
286
276
294
277
285
285
289
286
286
282
276
286
293
295
281
291
284
285
293
289
296
287
290
279
277
291
277
291
291
286
290
277
283
297
278
292
298
284
299
287
294
281
282
282
295
298
290
281
297
285
295
288
289
295
298
297
287
284
300
283
292
297
283
285
293
294
289
293
295
301
286
291
286
299
299
284
299
299
294
293
295
282
289
291
302
301
303
294
292
290
298
284
295
297
285
300
304
303
296
299
285
289
295
303
297
305
306
299
303
298
294
303
298
291
304
307
306
296
299
292
295
298
307
295
308
293
300
295
293
304
292
309
294
300
298
294
301
309
301
308
294
310
305
302
309
304
299
